60 64 67
65 69 60
67 71 62
62 65 69
69 60 64
67 60 62
64 67 71
60 63 67
63 67 71
69 61 64
62 66 69
65 68 60
71 62 66 
64 68 71
68 60 63
70 62 65
71 62 66
70 61 65
66 69 60
68 71 62
63 66 69
67 71 63
66 69 61
61 64 67
63 67 70
69 62 64
64 69 71
63 66 70
61 65 68
67 70 62
71 62 65
62 66 70
60 63 66
64 67 70
62 65 68
68 71 63
66 70 61
62 67 69
60 64 68
68 61 63
60 65 67
69 61 65
61 65 69
65 68 71
61 64 68
70 61 65
67 70 61
64 68 60
71 63 67
69 60 63
66 70 62
65 69 61
65 70 60
68 60 64
71 64 66
66 71 61
63 68 70
70 62 66
70 63 65
61 66 68